name: MLRuken
channels:
  - conda-forge
  - defaults
dependencies:
  - asttokens=3.0.0=pyhd8ed1ab_1
  - bzip2=1.0.8=h2bbff1b_6
  - ca-certificates=2025.8.3=h4c7d964_0
  - colorama=0.4.6=pyhd8ed1ab_1
  - comm=0.2.3=pyhe01879c_0
  - debugpy=1.8.11=py312h5da7b33_0
  - decorator=5.2.1=pyhd8ed1ab_0
  - exceptiongroup=1.3.0=pyhd8ed1ab_0
  - executing=2.2.1=pyhd8ed1ab_0
  - expat=2.7.1=h8ddb27b_0
  - importlib-metadata=8.7.0=pyhe01879c_1
  - ipykernel=6.30.1=pyh3521513_0
  - ipython=9.5.0=pyh6be1c34_0
  - ipython_pygments_lexers=1.1.1=pyhd8ed1ab_0
  - jedi=0.19.2=pyhd8ed1ab_1
  - jupyter_client=8.6.3=pyhd8ed1ab_1
  - jupyter_core=5.8.1=py312haa95532_0
  - krb5=1.21.3=hdf4eb48_0
  - libffi=3.4.4=hd77b12b_1
  - libsodium=1.0.20=hc70643c_0
  - matplotlib-inline=0.1.7=pyhd8ed1ab_1
  - nest-asyncio=1.6.0=pyhd8ed1ab_1
  - openssl=3.5.2=h725018a_0
  - packaging=25.0=pyh29332c3_1
  - parso=0.8.5=pyhcf101f3_0
  - pickleshare=0.7.5=pyhd8ed1ab_1004
  - pip=25.2=pyhc872135_0
  - platformdirs=4.4.0=pyhcf101f3_0
  - prompt-toolkit=3.0.52=pyha770c72_0
  - psutil=5.9.0=py312h827c3e9_1
  - pure_eval=0.2.3=pyhd8ed1ab_1
  - pygments=2.19.2=pyhd8ed1ab_0
  - python=3.12.11=h716150d_0
  - python-dateutil=2.9.0.post0=pyhe01879c_2
  - pywin32=311=py312h885b0b7_0
  - pyzmq=26.2.0=py312h5da7b33_0
  - setuptools=78.1.1=py312haa95532_0
  - six=1.17.0=pyhe01879c_1
  - sqlite=3.50.2=hda9a48d_1
  - stack_data=0.6.3=pyhd8ed1ab_1
  - tk=8.6.15=hf199647_0
  - tornado=6.5.1=py312h827c3e9_0
  - traitlets=5.14.3=pyhd8ed1ab_1
  - typing_extensions=4.15.0=pyhcf101f3_0
  - ucrt=10.0.22621.0=haa95532_0
  - vc=14.3=h2df5915_10
  - vc14_runtime=14.44.35208=h4927774_10
  - vs2015_runtime=14.44.35208=ha6b5a95_10
  - wcwidth=0.2.13=pyhd8ed1ab_1
  - wheel=0.45.1=py312haa95532_0
  - xz=5.6.4=h4754444_1
  - zeromq=4.3.5=ha9f60a1_7
  - zipp=3.23.0=pyhd8ed1ab_0
  - zlib=1.2.13=h8cc25b3_1
  - pip:
      - annotated-types==0.7.0
      - awswrangler==3.12.1
      - boto3==1.40.22
      - botocore==1.40.22
      - cachetools==5.5.2
      - certifi==2025.8.3
      - cffi==1.17.1
      - charset-normalizer==3.4.3
      - contourpy==1.3.3
      - cryptography==45.0.7
      - cycler==0.12.1
      - datetime==5.5
      - et-xmlfile==2.0.0
      - fonttools==4.59.2
      - google-api-core==2.25.1
      - google-api-python-client==2.181.0
      - google-auth==2.40.3
      - google-auth-httplib2==0.2.0
      - google-auth-oauthlib==1.2.2
      - googleapis-common-protos==1.70.0
      - greenlet==3.2.4
      - holidays==0.80
      - httplib2==0.30.0
      - idna==3.10
      - ipympl==0.9.7
      - ipywidgets==8.1.7
      - jmespath==1.0.1
      - joblib==1.5.2
      - jupyterlab-widgets==3.0.15
      - kiwisolver==1.4.9
      - loguru==0.7.3
      - lxml==6.0.1
      - matplotlib==3.10.6
      - msal==1.33.0
      - numpy==2.3.2
      - oauthlib==3.3.1
      - office365-rest-python-client==2.6.2
      - openpyxl==3.1.5
      - pandas==2.2.3
      - patsy==1.0.1
      - pillow==11.3.0
      - proto-plus==1.26.1
      - protobuf==6.32.0
      - psycopg2-binary==2.9.10
      - pyarrow==20.0.0
      - pyasn1==0.6.1
      - pyasn1-modules==0.4.2
      - pycparser==2.22
      - pydantic==2.11.7
      - pydantic-core==2.33.2
      - pyjwt==2.10.1
      - pyparsing==3.2.3
      - pytz==2025.2
      - requests==2.32.5
      - requests-oauthlib==2.0.0
      - rfo-analytics==0.0.8.85
      - rfo-backoffice==0.4.23
      - rfo-core==0.1.23.2
      - rfo-data-management==0.0.6.119
      - rsa==4.9.1
      - s3transfer==0.13.1
      - scikit-learn==1.7.1
      - scipy==1.16.1
      - slack-sdk==3.36.0
      - sqlalchemy==2.0.43
      - statsmodels==0.14.5
      - threadpoolctl==3.6.0
      - typing-inspection==0.4.1
      - tzdata==2025.2
      - uritemplate==4.2.0
      - urllib3==2.5.0
      - widgetsnbextension==4.0.14
      - win32-setctime==1.2.0
      - xgboost==3.0.4
      - zope-interface==7.2
prefix: C:\Users\kumar\anaconda3\envs\MLRuken
